880 290 0
1132 20 0
1068 185 1
760 159 1
1244 641 0
178 13 0
807 290 1
1048 131 0
1109 308 0
452 221 0
310 562 1
421 334 1
1005 508 0
224 592 0
48 59 1
445 54 0
680 320 0
1061 169 0
533 625 0
173 13 1
1056 345 1
686 253 0
1184 463 0
658 254 0
1129 327 1
866 562 0
548 373 0
1225 591 1
1115 297 1
594 657 1
550 468 1
846 252 0
218 361 1
468 303 0
1192 12 0
1107 681 1
1103 532 0
155 509 0
318 625 1
111 478 1
1143 331 1
1063 60 1
798 159 0
305 364 0
473 45 0
1175 18 1
988 4 0
980 434 0
650 222 1
242 296 0
874 60 1
1013 340 1
899 72 1
496 173 1
864 448 0
1033 541 1
514 237 1
1093 226 1
603 91 1
713 232 1
973 312 1
798 400 0
567 415 1
173 155 1
1115 276 1
949 64 1
1202 504 1
381 566 0
816 596 1
227 230 0
132 104 1
201 451 1
1172 37 0
1038 262 0
70 191 0
1176 707 1
1143 525 0
1123 445 1
279 333 1
930 709 1
836 191 0
312 23 0
186 514 1
1225 594 0
1169 92 0
490 175 1
1239 517 1
1073 204 1
394 162 1
200 676 0
205 136 0
435 113 0
1174 583 0
55 556 0
221 674 1
1278 694 0
365 601 0
161 545 0
1126 587 1
853 673 1
695 712 1
759 573 1
1243 412 1
303 335 0
366 666 1
740 479 0
878 222 0
47 627 0
1209 24 0
1024 330 0
150 180 1
546 359 1
631 417 0
341 20 0
663 34 0
1007 604 1
409 217 0
811 705 1
699 364 0
857 466 1
264 122 0
805 86 0
714 619 0
207 61 0
266 302 0
1113 373 1
940 113 0
765 346 0
245 348 0
316 633 1
852 592 1
483 43 1
354 640 1
198 164 1
521 113 0
82 306 1
442 487 1
378 673 0
725 438 1
1223 315 1
1208 223 1
554 357 0
197 597 0
542 426 1
1144 417 1
275 137 0
1205 91 0
908 649 0
6 266 1
563 583 0
214 231 0
374 151 1
1279 701 1
1222 655 1
258 663 0
458 289 0
719 253 0
469 10 0
741 168 0
993 308 0
478 514 0
1161 184 0
228 433 0
13 155 0
847 710 0
590 365 1
152 465 1
681 632 0
43 576 0
180 513 1
652 161 1
684 418 0
737 211 1
1039 129 1
1262 396 0
258 507 0
119 84 1
547 472 1
202 605 1
718 629 0
1235 26 1
502 360 1
518 15 1
273 227 0
596 121 1
418 232 1
123 200 0
762 180 0
725 550 0
947 259 0
538 151 1
182 656 1
64 104 1
739 448 0
296 368 0
447 226 1
376 366 0
53 258 1
1267 210 0
536 305 1
959 478 1
1114 571 0
588 232 0
1219 199 0
384 373 1
1249 262 1
1240 156 0
496 321 1
993 272 1
206 109 1
578 454 1
802 595 1
523 260 1
8 641 1
936 245 0
78 533 1
38 9 1
515 323 0
581 260 0
1038 68 0
325 214 0
817 360 1
585 484 1
894 408 0
26 693 0
587 472 0
791 514 1
15 94 0
884 35 0
655 123 0
944 430 0
388 541 1
1050 67 1
751 434 0
188 238 0
1183 274 0
1127 716 1
147 138 0
994 174 0
40 682 0
593 680 1
289 691 1
942 516 0
939 459 1
336 22 0
728 622 1
885 551 1
889 454 0
971 448 0
1135 379 1
