225 36 0
429 138 1
440 194 1
617 31 0
284 48 1
359 305 1
561 200 0
126 221 0
406 121 1
571 428 0
44 154 1
390 431 1
44 445 0
148 225 1
55 373 0
374 472 1
473 316 1
117 171 0
633 74 1
74 17 0
92 381 1
158 429 1
592 400 0
336 235 1
384 309 1
188 53 1
63 23 0
390 73 0
490 425 1
271 297 1
244 457 1
170 41 1
203 402 1
171 316 0
488 102 0
580 279 1
122 333 0
594 8 1
491 257 1
178 231 0
499 240 0
294 68 1
522 160 1
173 468 0
513 399 0
75 405 1
42 412 0
160 111 1
447 217 1
578 239 1
22 18 0
559 233 0
599 145 0
402 43 0
99 441 1
493 60 0
382 311 1
448 102 1
452 254 0
184 365 1
385 438 1
3 113 1
585 445 0
148 87 1
555 209 1
33 45 0
132 446 0
480 146 1
551 160 1
470 80 1
568 310 1
244 13 0
265 71 1
499 410 0
538 175 0
94 399 1
546 313 0
612 39 1
231 408 1
630 69 1
71 86 1
247 165 1
261 283 1
604 302 0
46 61 1
601 183 1
320 23 1
328 250 1
362 340 0
112 273 0
3 375 1
433 210 0
13 447 0
222 176 0
9 235 0
419 364 0
602 320 1
275 192 0
190 118 1
264 464 0
298 111 0
133 451 1
485 190 1
291 441 0
363 74 1
395 239 0
386 437 1
503 112 1
528 276 0
387 181 0
378 292 1
547 422 0
154 387 1
306 430 0
347 233 1
99 413 0
243 326 1
531 387 0
216 326 1
76 184 0
299 73 0
320 414 0
310 342 0
349 180 1
309 59 0
377 117 1
99 321 1
85 107 1
282 364 1
579 247 0
87 58 0
118 5 1
220 19 1
279 321 0
622 400 0
36 166 1
28 359 0
161 462 1
415 160 1
204 28 0
326 277 0
46 196 0
172 142 0
129 59 1
102 187 0
245 198 0
551 368 1
566 75 1
342 325 1
16 471 1
593 43 1
576 203 0
504 23 1
496 242 0
81 118 1
53 82 1
590 324 1
251 344 0
195 252 0
358 365 0
288 105 0
386 379 1
392 124 1
221 286 0
350 41 0
341 363 1
638 216 1
179 49 0
530 256 0
334 285 1
609 109 0
86 155 0
7 251 0
584 274 1
50 157 1
404 79 1
491 88 1
198 445 0
496 122 1
58 319 0
48 197 1
625 250 0
291 93 1
379 340 1
146 240 1
474 171 1
83 368 1
625 99 0
108 47 1
128 126 0
117 341 0
277 417 0
466 176 0
215 222 1
438 131 1
509 352 1
598 300 1
62 98 1
516 203 0
162 446 1
219 248 0
163 417 0
366 285 0
557 331 1
264 227 1
259 272 1
5 74 0
168 183 1
32 228 0
465 475 0
16 148 1
363 129 0
375 194 0
213 440 0
406 376 1
60 12 1
501 358 1
360 413 1
563 207 0
156 214 0
346 37 0
146 466 1
450 430 0
99 390 0
548 467 1
32 298 0
421 447 0
335 381 0
347 253 0
490 270 0
589 421 1
260 390 1
249 62 0
323 338 1
96 398 1
556 281 1
27 106 0
390 208 1
38 84 0
549 124 0
304 271 0
570 117 0
414 361 1
97 26 0
378 139 0
420 181 1
432 12 0
31 119 1
373 93 1
554 405 0
