817 851 0
750 133 1
1087 994 0
916 203 1
531 158 0
276 919 0
515 224 0
703 366 0
1502 829 0
623 504 0
1082 917 0
1342 333 1
799 942 1
868 3 1
825 231 1
6 451 0
1572 664 1
469 668 0
257 63 0
1851 656 0
662 261 0
62 986 0
910 623 1
974 785 1
486 881 0
831 1011 0
1160 841 0
1590 546 1
1087 345 0
1673 610 0
768 487 0
1060 116 1
940 429 0
457 571 1
1242 336 1
1520 1070 1
218 757 0
621 388 1
10 557 1
1155 503 1
208 650 0
1129 115 0
1372 757 1
851 1018 1
1582 395 0
977 195 0
1851 836 0
821 818 1
243 82 0
834 590 1
48 958 1
1357 140 1
391 660 0
556 101 1
1454 629 0
1908 626 0
643 585 1
1328 286 1
1621 160 0
58 198 0
296 126 0
106 657 0
453 348 1
235 1069 0
1339 41 0
168 115 1
1107 105 1
97 276 0
479 258 0
862 88 1
1147 187 0
1529 146 1
483 758 1
734 817 0
1564 229 1
547 1074 0
665 817 0
1761 490 0
816 112 1
1795 870 0
1297 850 0
2 566 1
1775 972 1
684 902 0
1093 209 0
1147 254 0
1789 1041 0
412 110 0
1225 734 1
656 400 0
222 341 1
1161 763 1
32 879 1
1410 389 0
620 1069 1
1223 375 0
1431 894 1
1570 3 1
240 497 1
1757 391 1
186 629 1
1674 259 1
976 1041 0
710 626 0
682 212 1
289 962 0
775 1 0
882 643 1
312 321 0
105 518 0
548 109 0
1619 688 1
1438 433 0
736 833 0
475 482 0
1548 256 1
1092 617 1
694 553 1
1894 1065 1
1810 223 0
930 260 0
919 1047 1
1074 892 1
845 392 0
1674 1024 1
423 319 1
1603 546 1
970 731 1
1133 96 0
1108 801 1
373 728 1
1019 314 1
915 1026 0
790 418 0
401 549 0
1081 1025 1
1327 1072 0
1344 687 1
1083 400 1
1691 195 1
67 10 1
1068 872 0
96 169 1
1010 258 1
497 438 0
1052 545 0
1150 829 0
47 956 1
1341 533 0
1765 1043 1
1690 643 1
1320 406 0
827 704 1
561 553 1
1606 177 1
428 476 0
1655 17 1
1550 304 0
976 11 0
1821 926 0
305 141 0
17 697 1
220 617 0
1419 126 1
730 331 0
494 203 1
1910 513 0
1550 61 1
105 78 0
685 193 0
489 520 1
743 144 0
1157 893 1
213 116 1
387 132 1
25 461 1
301 271 1
772 1030 0
500 379 0
459 1030 1
631 818 0
1272 522 1
110 1072 0
1676 707 0
389 954 0
351 653 1
99 45 1
651 215 1
1044 921 1
793 136 1
592 392 1
1814 844 0
916 582 1
505 1032 0
1538 306 1
886 215 0
26 83 1
267 202 1
1780 1068 1
892 128 1
206 695 1
751 610 0
934 278 0
34 762 0
567 852 0
406 581 1
635 89 1
878 431 0
68 182 0
1846 19 1
1520 13 0
14 167 0
1090 442 1
585 1052 1
1859 1075 0
1305 911 0
1585 773 0
1232 144 0
1877 701 0
1568 384 0
221 567 0
593 243 1
1240 310 1
1486 695 0
378 28 0
1366 528 0
1301 383 0
1492 147 0
654 162 1
737 32 1
128 811 0
620 204 0
1347 711 1
1301 36 1
1468 55 0
620 480 0
1782 287 0
1615 149 0
134 365 0
1800 1045 0
1563 282 0
245 763 1
143 943 1
1264 10 1
616 831 0
162 248 0
1354 833 0
1467 372 0
1175 57 0
1635 65 1
