107 153 1
198 180 1
164 66 1
88 249 1
241 84 0
100 174 1
89 239 1
11 27 1
12 3 1
79 167 1
216 72 0
16 65 0
28 162 0
232 210 1
238 225 0
84 145 0
47 132 0
171 196 0
130 95 1
39 185 1
102 84 1
93 121 1
17 225 0
51 71 0
147 106 0
30 23 0
8 177 0
117 32 0
46 45 1
38 136 1
176 239 1
166 130 1
46 144 0
191 66 1
6 245 0
82 23 0
42 99 0
75 30 0
68 234 0
112 46 0
50 228 0
49 125 0
35 230 1
153 233 1
197 67 0
187 110 0
225 214 0
37 246 0
147 101 1
218 98 1
73 183 0
28 140 0
81 206 0
228 46 0
113 139 0
193 127 1
124 15 1
82 54 0
232 52 1
24 122 0
132 80 0
168 177 0
106 153 1
247 167 1
173 106 1
203 223 1
71 218 0
57 46 0
223 127 0
95 105 1
160 33 0
66 163 1
35 124 0
220 98 1
164 75 0
125 132 1
51 126 1
163 58 0
3 13 1
78 98 0
142 187 0
140 48 0
40 13 1
197 194 0
209 155 0
147 37 1
145 106 0
228 235 1
225 35 0
150 14 1
206 195 0
26 248 1
7 198 0
29 157 0
219 6 0
97 161 0
182 242 0
163 201 0
165 12 0
224 240 1
180 182 1
88 152 0
62 187 0
218 221 1
238 217 1
19 13 1
249 84 0
186 33 0
240 17 0
191 57 1
76 131 1
36 156 1
43 20 0
14 43 1
41 73 1
221 235 0
183 73 0
203 55 0
125 181 1
120 129 0
142 90 0
201 60 0
233 196 0
10 142 0
23 166 0
5 190 0
235 25 1
116 187 1
118 198 1
230 135 1
54 200 0
200 221 1
237 38 1
204 90 0
60 218 0
208 65 1
180 42 0
116 141 1
13 106 1
35 5 1
176 2 1
155 32 0
119 165 0
239 98 1
60 243 0
99 142 1
134 232 0
88 50 0
59 136 1
114 19 1
33 241 0
87 212 1
185 241 0
150 179 1
194 125 0
148 134 1
214 31 1
22 176 0
202 33 1
168 220 1
162 69 1
188 137 1
215 142 1
146 159 0
148 39 1
161 2 0
150 238 0
10 64 1
135 178 1
89 227 0
171 10 1
236 182 1
27 226 0
8 128 0
178 92 1
102 231 1
18 232 0
152 5 0
52 208 0
100 77 1
245 174 1
213 125 0
123 215 1
237 202 0
231 159 1
190 93 0
54 29 1
69 124 1
210 93 0
8 164 0
249 40 1
152 147 0
163 68 1
176 21 1
199 42 1
233 91 0
90 55 0
198 4 1
178 150 0
9 148 1
154 42 1
44 123 0
137 105 1
55 13 0
71 78 0
227 242 0
223 247 1
153 170 0
22 229 0
146 117 1
109 41 0
194 184 1
77 99 0
121 218 1
12 207 0
2 135 1
110 57 1
96 33 0
136 48 0
24 205 0
133 160 1
242 215 1
106 146 0
196 209 1
212 239 1
3 188 1
190 213 0
243 72 1
161 175 1
56 176 1
37 86 0
193 61 0
94 214 0
217 236 1
53 13 0
143 29 1
16 222 0
2 47 0
184 156 0
244 140 0
175 171 1
105 213 0
69 103 0
64 30 1
228 51 0
177 170 1
38 28 1
74 149 1
54 62 0
58 139 0
