244 27 1
238 347 1
556 182 1
281 406 0
138 222 1
336 103 0
444 244 1
265 366 0
4 424 0
191 178 0
441 350 1
199 121 1
76 407 0
462 255 1
213 192 1
488 232 1
13 455 1
388 214 1
323 464 0
479 175 1
270 274 0
122 359 0
584 433 0
50 195 0
71 466 1
12 38 0
389 117 0
340 132 0
557 39 0
9 386 0
371 178 0
348 144 1
469 68 1
260 408 1
300 452 1
112 238 0
340 233 1
595 67 0
280 427 0
374 153 1
534 430 0
592 239 0
564 271 1
10 136 1
454 97 0
524 29 0
563 334 1
515 231 0
255 311 0
232 51 0
426 71 1
629 274 1
308 261 0
324 140 1
515 247 0
607 105 1
465 297 1
614 337 1
52 13 0
498 253 1
515 249 0
167 168 0
73 348 1
281 161 1
569 179 0
619 55 0
274 140 1
311 278 1
285 95 1
347 258 1
10 285 1
495 226 1
105 32 1
316 147 0
181 149 0
211 106 0
17 214 1
49 201 1
565 466 1
412 330 1
527 42 1
405 240 0
429 301 0
292 385 0
393 448 1
222 98 0
407 55 1
303 247 0
25 450 0
121 427 0
552 249 0
588 321 0
247 311 1
495 316 1
155 273 1
392 222 0
338 257 1
263 3 1
600 167 1
516 284 1
78 231 1
438 285 0
430 333 0
489 460 1
292 413 0
245 111 1
287 204 0
440 317 0
468 216 1
513 470 0
413 278 0
159 312 0
548 267 1
231 451 1
141 366 1
135 458 0
76 266 0
402 171 0
55 208 1
244 457 0
492 417 1
603 57 0
319 99 0
177 252 1
310 339 0
574 373 1
317 175 1
272 97 0
104 104 0
303 289 1
379 34 0
177 308 0
456 358 1
538 13 0
423 129 1
242 463 1
387 208 1
257 89 0
473 49 0
389 21 1
589 24 0
85 237 0
419 91 0
372 386 1
275 404 0
487 170 1
134 376 0
277 417 0
120 90 1
346 16 0
449 453 1
626 177 1
496 127 1
497 321 0
622 165 1
134 191 0
473 234 0
578 453 0
417 342 1
447 23 0
590 201 0
528 84 1
39 227 1
542 258 0
139 259 1
357 380 1
452 212 0
275 382 0
373 225 1
533 59 1
304 446 1
310 202 0
374 442 0
290 95 0
464 159 0
632 8 0
588 346 1
387 135 0
397 445 0
451 99 0
224 387 0
389 213 1
75 192 1
557 379 0
156 450 1
297 47 1
243 358 1
20 17 1
600 115 0
596 408 1
435 157 0
620 439 1
614 363 0
228 417 1
595 354 0
220 376 0
530 149 0
294 198 0
493 297 1
129 253 0
351 151 0
296 3 0
14 378 1
217 346 0
561 95 1
632 394 0
562 412 0
444 397 0
1 377 1
382 70 0
56 2 1
437 32 1
548 224 1
638 313 0
376 144 1
136 194 1
509 225 0
428 19 1
312 394 0
141 344 0
411 78 0
458 94 0
83 53 0
227 224 1
344 71 0
216 374 1
130 164 0
395 327 0
411 102 0
22 3 1
236 429 0
312 113 1
67 186 0
188 313 0
519 72 0
485 8 0
149 134 1
406 16 0
352 440 1
60 166 1
270 309 1
354 48 1
382 391 0
574 340 0
17 360 0
104 476 0
316 477 1
47 417 1
536 31 1
356 44 0
